$ANSIBLE_VAULT;1.1;AES256
66316130626661313465623766653962613932363131373262646566356135643833393562333838
3066323963653430646532323434666630303962333161630a613339623161383932366337616664
34363565306666646463333466393237623463653530313032316232623535353838366338353363
6535663335346236640a353936326164656535366336623139666563633131383037323034326466
63613039626261633565633836646536613937376665393835653965633936643833626133646330
62326138636163323261363335666561653865623935646162316164663639623831346462646261
30326635643362623738353866326561313132373030366363653362343866363461363432626161
61636464393639626435363762333762653833306163326634356664366131353032343062653836
30636333366137303238346664323632363934653066326239393038363531343830323132633761
37616633653831323233366135653364323438366139376432313464346162636534326463336564
64316262613231656566376135383030336333646263366335343237616136313833393138383232
39396665653364323631616238353666653530306464326265623866393034623765353261303964
33393665616637386330613637613765666134306637396334323337636536356231616466356639
32653961656639363034386661316633343430313833346165663033343334623764353935303866
62376533373936633438663266343366616533326234633666656138363633623739633730366664
62613735643630356261346363343366653934396635343636373165396465383365616131346337
61333536346337363037663831363565656134303936623532383332363538393932663165663037
62636466323731383133613062383837333565323463353431316462366139636639643137306466
33376131616234313037616231633764646230383062626664386262643138343064626265623638
39613030636435323331333632386361396134303935336339383433613434303164343235366638
37343133626164626239393632616362306234633939643461383764646534333632363932316461
38396631653662376664313738653064313831653430326365303932313463316436633830323036
38333039616462363138643464316563613539613337396135663261623064323061323165306639
32633234366265326265363963643766313763633766373566623931633939373066633965393665
35303238376334613238326432356338653732306430393835633163663534396237343435323166
37306363623739626439303535623934643631363131333538663132313838376463393337306630
31353439623333636434646236333531336136353133333639323534333238323562636339653432
64386134336664373635313066313761306438313735623466643435353663663964633038306537
36353639303239356363366530643038343339363664306262386331366466306331343263326534
63353536363839633336396338306364663230643166616434366537333361373835383939613962
66376334366639336432336338633966656139393064643664373538396438323565656563633336
39396136623039393165386666646439653164646533653530386539646337643533653663353261
33333936323264626530643238373464383531663363343563323165303665663161636539313834
62386332326465643432646463313838323636383439616439613632366666653837366265363761
30613337613035646362663639366332303535306265333633636530633735376530313339373864
61316637393664353530643936356239653062646163383365656132316139316262633932313336
36306165356234646161313663316131393033306161386362623332313366303830383638633338
61643338616532616562383161386434373735386332373864323736353966373436306230383033
36663363323165363234353133653931303433316537313839333131623032613730366364646635
39663463633564333934623233643463663835396662363536643134353761396363643930386533
35656661633339613037376263323436373862326133383831316135626638366538383861316564
36373533343435396237636337653562356162303730653263613832616663346261393031316339
33363732326631613335326436623332333538396165313733323131643939666362343432326666
63653864393962363861333862393566373864383734636131633666346632303937386539326139
65353937666365613465386330333931653830323336326137343566663630376364366137613437
62656136663461386333336437356361356562623436646162363635663231353235303138313565
61653938303631373336323161326231393164363362313466383265346564323234653161316462
34366231626166656139336430336235376538646536386534316233613263343936393330373763
30383233386265613635333461383536643763356261386432333064343565396633366634396535
33363565336166623336333731363933666532303039393538313964636331336436393337303734
39356232663265363834356431373130383533373235623163616531383437336532373166346435
34313833613933386566356534633264613763376131356337393962343039366238666433646566
38303835313132313062653465396430643464336163383965373238633461333862316238653136
34353164353335316664353335363761343662666535313261323337663965653630336466363465
38643433666134623963303732366438363763336163373233316131326163386166633362363562
30356534346339633634343965346266313961306662363638386436336562396333363533316430
62383835666531633930303962386366653735643732666237316139666462623139343130333830
31356632313630316262326635303061313933666162323666626365643661623038303061353939
36383232666439363532333436613863343838613430663731333131653034353435326239633934
36303164353966633037343661356136626164363865326535333064323834323564303939356538
61616633653330643665356661343536333237383265323766366336393162323961616630313233
65363134336230353163393831303761383963633636353764616538353365313239373362623338
64663531613365363637363834303739376630386231383135326635653637343636336164643662
38623638633839306264666665346361373730393161383964353562356361373837633730393330
62396464643832363666643632646436663566346137613162373938613031376134653662626239
36623833623664616338626136376132363034343266393164613962656334333236346366393464
34313835336334353038376636376339643563333466313466353935653830306364336266363130
30633664373463383563663837303130303331323530323636333232386265386137313530336362
31613166313033623365643563666131353731663937666563633233343763396134633338356534
33373363346432393234643734376338313232393164623930626230656530666635613864663736
34643365646331616435616135333530646434616336623933326463376531613766663966393838
32616636653239303830633837646165373738623339396462643236333938663166383664666331
36336138396231633361336131363765383138623566663436643539346137663836623161613565
31643234363438666438316461363532313531626638633163643234646330663762313830323333
66316462343463613336663938323433396461633937613130613337633333313562343737653564
61336538393561356262643030666331343761343464663963653263633066616632623266333231
38373164663134646238663532653736663537353935353931626662373363383238396138306163
61663364303837313938623839386263343466333862303634373866343332313538303638646235
38326264306139306137366661333838373630373835643738393636663666306337373930326331
33356230326639663230653038663333336330346434333735643364353065636236316133373138
61396464623363373166336362353931323163363638653365666232313163623666373639343561
31636439306337383962643965303231326239313763376166303065396564656364356332386332
61636366303262373236626634323132666634396532386461326131636362316562363635376461
61663635666633663466373065663431633964306565326263636265366566373332363762323437
32623539366261623132386639613437366364623234626231396131303363346636393464626662
37653531613164373039626638323932373632333231333464626262383736393834663863373866
35633564666465336230653664383638643862396137626231356665666136386530353564643861
63313161363630646533613432613838396139646134343838336566303237393334666432306330
62316438316536343834326134343039313334653538363063303434613735323939633939323866
32383362626563376464633863393265383661373165356261383335613935356565636135626232
35376131663363343533373063323736366132643032663830393831333534333336623462663534
39666636336332376533326637393337323366613164396235663032353135663237326336333563
37373635616364353434646637356661393436396239626165613062356633333732396466383562
66643161363631666639616432653034303233313839616564633161363234353663643032343066
63643932306264366461626339326638343563353132373333656165333538633137623365633036
35356239613635383336316239333162313532646661356539356465326564333035303662393637
63656264653134346162306161306262323965313737333032636461363533383364326635613338
34373930363065613761653830663061346239373736363966373437653231316235396331303963
30623036623964363261663864613836313536333061333431616134633466316665343064353834
62313165373734373030363135616339353365626465396334383965656433373766646362313034
65323031633831633463343131656333313433636161646337636261633763383062376234616332
65323935656562343939623138323835356165383164333338323830376563316233346661353836
63316539316336383236326536363966386338373031663830343066376535366266343466343232
39333865646437396164316165316438386535336434633639303632313634373536623837396464
38646562663031313234626437343132303333366131656562643932333139353534613263353336
33303133343833336630613732373666373761363761356262663163623737653033363035623164
62306334343737333836616563303039663837613563366630386631383132653533353639663639
31653063303765626661333936383731326338363330386337343432386163393237643730343535
32393131623938303331353566383866616431623761613438343065383834643565373466613733
38313332663439346362336239316464623631353934353061656439316135653863616265623161
63383235653931333631623236623237373365613933616266633232306664306337663232636232
64653933326135336531626239363239323736663837343761323631633737333136633466366537
35656534663063636562656436373536303465626564396264353563643833356137633064323130
30373364373261656634383462346136386133313730313537623763623833363336373064663232
30383933303837353239353532373038313939373364316630373234623030333265373733346666
63366463333836373161383433623166663862396537386430663033323664396630303334336430
64353564643436363135656236626438633839306631303764396630313162666331363134363966
63346632363635656332306139363439326465306431383462303161303161373137346464333135
36333938636364313965613963376663643538663732366134623537346537366435326465333630
65333564316530363433366136663836366538333364646466323034383238666237303831326466
32393361303434303661633530306335393463623664323165343433343439303938613536653835
65656162623466616334303234353534663638643637383337633938663664353337313066643562
32663638643263383461393362366164333664376332373832666434656237363132643962323432
38306231363661353335386437356432653637383433393233396161306166303230343736643863
66386434326636336266333333333666373335663035346632333662373563613165336339356334
37333561356666393064343164343233346533333632383063626430363365373238373634363964
37633339313539373932623566666564346337316236303933396432393937376562633734346465
38646631393336646164646439333861346435326263326664303132356635656532663661383861
61353034646632373261653736396633393932626335333336643765386636623635653036363264
37346639656566353630363936343436323137343962396164326437356264623163356432326534
37656561626639366566343835393132633266373038666539383737346363643161376234326235
30343231326534323261613665336331623063383933633563663932353832636238313234366262
30326139303066376464376364346462323162356336323537396639653337623338666462643962
30663836633566376366303931346563323939643664663336636162343831653164383137393964
613232323835626137643439346164323635
